40 113 112 36 66 96 19 10 61 35 32 4 53 75 113 112
109 28 50 29 49 97 85 50 82 3 40 124 110 15 73 22
0 57 59 66 26 78 76 87 113 108 91 38 55 76 22 37
104 72 66 25 42 23 76 124 26 116 120 8 3 65 31 4
123 90 70 21 40 19 108 25 127 71 64 55 20 86 92 124
31 30 22 73 53 98 69 79 86 61 87 89 127 118 93 122
80 36 15 120 55 123 18 54 66 82 109 86 40 73 83 71
103 105 16 28 75 85 107 33 19 67 122 18 57 88 12 10
26 79 2 112 35 91 70 96 97 68 0 86 124 99 32 55
39 53 22 56 94 10 100 112 46 103 88 67 4 27 97 30
106 99 14 13 62 85 109 31 25 109 117 21 81 21 76 120
74 99 49 40 109 21 25 28 124 113 95 0 12 64 30 119
35 45 4 98 2 114 1 27 95 119 48 48 12 124 41 87
95 90 127 77 111 24 105 108 10 72 108 22 8 11 13 43
56 18 13 58 4 15 85 99 6 5 20 18 1 61 105 97
23 105 46 6 1 23 114 11 95 95 34 103 106 47 18 34
106 87 52 109 93 10 72 33 87 46 42 13 107 71 50 104
36 90 52 41 126 38 99 110 15 20 107 121 83 11 111 61
98 35 42 64 45 114 97 5 32 11 18 12 82 68 116 118
30 40 31 29 78 3 11 93 23 118 87 106 1 70 39 100
106 82 36 23 68 5 28 101 16 46 113 98 115 101 88 17
14 119 46 92 122 57 58 17 48 17 123 49 87 35 21 65
117 57 89 57 62 117 30 78 36 15 48 23 117 8 40 3
0 87 95 122 16 25 12 64 42 7 114 2 42 7 67 31
89 20 34 68 86 124 103 93 119 81 90 69 94 94 24 69
113 51 94 60 106 13 16 84 79 34 101 120 47 74 53 9
94 87 77 52 84 53 17 75 6 107 16 100 74 41 42 59
92 8 119 70 21 7 27 100 42 0 92 89 74 18 98 40
105 48 92 61 101 109 9 107 89 25 80 35 66 122 94 30
2 85 101 23 93 0 123 7 0 87 96 75 105 67 115 83
115 80 16 88 61 25 67 22 51 19 57 117 13 23 20 15
109 121 38 74 121 33 81 121 121 49 68 98 116 56 53 103
22 78 30 26 64 105 85 58 85 46 49 108 35 112 28 63
65 8 22 97 58 7 99 21 116 104 66 76 99 104 81 121
55 111 19 119 89 104 49 46 22 98 27 57 83 55 121 20
64 15 117 122 22 88 15 10 64 81 87 35 58 40 28 113
23 48 104 112 24 25 31 47 124 58 104 79 113 97 99 49
113 89 43 7 49 59 18 114 12 105 21 70 17 50 55 40
98 31 25 122 57 56 41 53 114 18 4 99 115 103 21 100
64 64 108 114 123 126 100 8 103 121 78 120 43 6 32 13
88 42 28 31 104 31 62 114 116 106 97 126 118 84 80 78
110 19 125 66 127 123 68 7 56 111 100 58 124 34 3 84
77 31 115 53 62 49 39 51 27 9 49 18 93 2 96 75
21 93 13 21 89 81 28 17 64 0 75 60 35 79 16 112
110 4 37 45 53 76 96 81 85 17 99 50 19 67 126 41
33 11 62 122 93 90 11 29 90 86 90 125 37 106 109 20
110 18 65 36 95 33 117 52 50 88 103 70 27 101 111 60
112 45 54 77 7 65 107 97 24 69 95 61 47 76 81 30
27 127 127 66 109 95 31 82 82 43 64 12 39 106 60 35
94 119 95 37 2 44 121 122 54 28 122 99 104 85 19 3
85 19 69 66 114 100 20 68 15 85 81 54 63 13 89 29
4 56 66 6 101 59 1 27 87 123 126 63 80 17 66 37
36 7 104 22 107 124 91 122 81 44 48 16 57 9 46 61
66 112 68 39 44 69 66 3 64 64 67 16 81 5 54 118
13 30 12 120 26 103 115 108 19 35 124 76 45 42 10 111
27 78 22 71 19 88 74 83 24 13 99 105 19 25 95 32
71 38 18 89 81 26 11 83 76 14 121 126 31 112 76 26
29 101 75 55 22 84 49 93 71 21 11 89 117 93 57 60
3 75 21 84 101 33 39 49 47 33 47 79 17 124 105 46
97 52 101 119 8 22 84 79 43 96 40 32 61 97 92 64
45 114 20 18 19 59 68 66 92 115 17 109 111 122 27 81
46 1 72 55 23 29 6 67 125 47 99 58 16 64 122 61
50 14 80 69 73 20 7 38 7 25 19 119 19 47 72 66
48 16 121 71 45 127 10 42 46 110 100 63 46 94 124 96
116 79 0 7 119 23 35 90 94 95 31 1 11 3 69 93
83 14 25 34 77 120 0 51 4 126 10 7 117 95 65 105
46 66 113 37 89 20 127 55 115 31 57 126 34 126 92 117
12 117 23 90 109 24 13 113 22 23 121 12 118 58 117 37
124 102 74 86 122 74 13 109 105 70 108 11 69 72 0 81
61 24 43 43 48 56 28 70 79 21 82 70 80 72 107 76
46 53 34 41 127 48 22 104 118 2 115 59 74 116 13 8
12 56 51 60 113 79 2 64 101 85 6 53 29 113 1 75
11 2 7 78 117 35 43 92 100 123 123 24 100 39 74 71
27 71 3 86 112 121 85 92 0 20 31 12 48 63 82 59
65 89 9 55 124 52 19 97 47 14 121 20 54 68 91 81
11 94 39 123 87 124 88 88 17 119 100 65 54 55 124 119
16 5 46 13 57 66 110 104 80 103 124 6 43 88 87 54
54 126 50 14 123 10 102 12 1 74 77 55 1 73 46 18
78 93 31 7 31 13 111 111 116 108 118 32 68 77 86 122
76 8 8 71 18 110 83 19 57 32 74 58 105 121 76 55
