124 27 2 51 22 20 105 88 102 87 47 15 32 2 86 8
107 103 36 54 60 16 87 79 83 81 97 12 41 109 22 37
8 25 88 30 45 66 119 20 25 38 35 57 40 121 65 19
96 102 73 29 118 32 108 73 113 78 85 27 59 108 64 68
5 25 98 50 91 89 70 116 127 105 45 39 99 111 58 67
85 3 96 75 35 77 20 21 27 105 48 86 85 112 26 90
9 125 13 100 86 83 88 86 61 6 125 32 117 56 99 74
59 68 21 95 17 41 116 44 18 36 2 104 20 29 66 30
65 32 92 69 47 49 41 53 54 61 71 55 122 49 24 17
26 70 23 27 93 10 39 60 105 73 35 83 120 54 117 58
86 81 127 5 2 40 58 56 101 1 111 95 50 8 112 76
78 8 104 44 18 15 104 123 88 12 78 80 66 67 10 24
20 10 29 22 50 87 78 24 88 61 119 11 69 104 87 20
112 63 64 2 78 40 125 38 52 75 119 118 14 1 14 34
11 43 56 62 2 6 86 91 67 77 102 9 53 61 29 37
125 93 39 75 5 36 114 58 111 105 48 125 106 63 31 118
65 28 89 127 18 119 78 54 7 126 77 124 7 117 127 7
76 94 1 93 120 13 29 34 21 15 36 63 23 104 95 88
4 56 87 22 47 37 76 54 36 25 50 43 15 49 50 91
16 51 56 8 65 86 42 86 101 79 21 124 55 116 84 59
44 44 82 92 81 30 18 117 56 69 32 71 118 82 34 6
6 91 14 71 49 57 29 22 8 50 19 63 39 103 122 83
19 76 47 101 107 66 90 35 7 123 106 125 77 12 4 83
103 18 26 24 75 55 47 83 106 66 18 17 41 13 100 61
8 70 63 69 95 3 92 18 22 21 8 36 45 28 51 26
21 90 100 14 123 53 7 116 102 76 87 91 4 12 66 12
82 2 81 50 5 45 68 27 67 76 63 112 104 115 10 125
77 110 11 72 35 19 61 9 95 20 100 99 32 39 111 115
41 64 37 46 110 105 73 49 54 9 33 30 124 43 28 73
25 39 17 60 58 78 69 25 98 42 124 3 81 107 118 122
44 27 40 26 4 113 75 58 122 108 89 118 23 117 63 48
28 81 108 87 31 49 112 2 91 109 5 44 88 123 38 4
37 57 8 94 113 49 19 99 67 23 71 55 127 92 27 63
28 7 49 24 5 21 32 108 15 110 100 58 116 5 72 26
62 80 120 48 1 12 19 69 35 90 124 34 54 23 98 83
31 19 107 36 41 11 17 56 121 117 114 110 122 58 8 57
10 0 105 12 12 124 81 48 87 77 82 13 100 52 96 3
72 75 40 113 86 57 41 80 46 27 62 41 86 70 98 96
70 75 108 83 71 61 3 30 10 85 44 111 10 12 114 82
88 26 67 46 83 108 126 2 7 60 43 93 2 13 62 73
95 18 66 62 51 55 114 102 15 89 44 42 62 27 103 47
72 29 124 79 95 103 48 119 44 15 52 92 92 6 122 59
24 60 121 76 115 107 50 2 69 94 44 3 121 19 50 65
49 47 16 16 22 64 7 67 80 59 31 44 65 25 103 90
85 96 38 72 75 88 74 16 54 118 20 47 10 70 112 59
117 0 75 12 64 82 79 16 13 110 60 79 7 35 41 92
3 79 36 79 39 110 95 93 100 115 12 110 58 124 41 47
124 116 59 60 70 10 77 84 120 9 35 127 45 76 91 48
55 108 24 82 83 11 62 103 47 58 51 92 101 61 75 0
11 97 71 30 57 17 113 81 31 85 58 50 110 26 82 38
6 106 120 89 118 54 64 37 112 116 1 85 49 76 85 61
45 28 91 102 46 77 55 77 34 113 127 16 11 81 54 17
59 46 107 49 100 43 86 85 31 87 42 81 35 0 14 80
28 105 54 74 54 109 23 88 95 22 105 106 103 31 124 35
78 103 84 50 18 43 7 50 2 50 3 38 50 17 118 78
122 45 25 49 26 48 9 121 71 114 100 46 18 96 81 96
108 76 37 54 96 44 92 104 69 111 95 89 30 39 27 78
55 20 22 101 19 32 15 66 14 116 1 60 82 125 28 63
74 65 117 42 110 81 18 51 64 113 12 95 24 39 45 80
59 67 53 79 100 68 17 114 56 18 47 11 15 75 74 89
13 63 4 123 16 22 46 80 8 59 47 32 98 93 112 30
32 37 109 4 106 126 119 34 16 38 45 31 113 119 121 126
54 125 121 70 19 40 23 27 99 70 60 69 35 44 99 68
82 80 72 60 78 63 94 94 101 12 126 87 3 119 85 58
39 36 116 38 84 11 15 74 13 2 6 88 118 19 96 2
75 19 62 60 98 65 125 71 22 3 124 51 117 126 126 28
34 115 66 118 126 81 64 11 84 70 99 74 89 67 77 37
86 11 97 57 76 94 0 98 98 125 21 87 123 20 115 29
7 53 19 5 7 83 16 91 26 116 37 115 55 114 24 14
126 122 71 74 88 71 45 58 68 66 17 63 86 4 92 93
58 111 98 65 67 115 28 93 103 65 80 30 52 105 44 50
99 115 124 59 59 41 118 127 108 7 63 66 12 27 32 70
86 107 62 117 120 45 100 109 25 90 13 93 40 99 88 116
108 96 59 126 79 14 18 8 46 92 66 23 85 15 78 43
122 12 32 115 57 5 96 83 95 109 48 7 80 8 123 60
105 54 59 56 68 77 64 114 41 2 9 127 17 87 42 12
99 75 127 29 80 95 112 47 76 32 55 28 41 50 89 18
105 20 74 45 97 10 32 10 12 41 9 30 1 52 42 100
127 41 1 79 8 113 126 84 18 53 112 59 104 73 77 81
93 23 126 62 33 30 73 45 72 82 75 73 6 117 45 5
