68432 66521 53535 56987
72654 71840 61254 56206
75224 69323 58566 61314
68338 59062 45565 39441
52237 48442 75081 48733
62313 68735 78222 60388
54043 61017 71336 58608
49014 56689 68563 38405
71970 64823 56914 51210
89998 87278 68532 68577
59519 63133 64071 58902
89685 77662 66017 56322
52896 60823 78087 51627
68663 73594 96317 68975
56843 71528 66365 64994
73747 75293 96649 57287
76293 51358 68088 48170
76421 56443 71554 45774
69400 54071 59970 35857
63209 46972 62080 42658
51611 44328 74730 76944
71509 53659 88371 76594
58074 40626 64006 56903
53433 39473 79423 72657
45151 27459 38640 32170
61865 37984 60957 51371
73920 62816 74607 57389
54005 47398 56616 27351
37583 32099 47594 56211
52911 43515 66251 66352
68408 40893 86974 70834
45875 36378 54673 55381
44000 75476 58752 70506
41039 70526 53588 73500
37404 72765 52569 68925
49891 81971 62077 72657
53746 60154 55034 65845
54829 55760 56241 50330
47934 51515 54672 53354
58697 60459 62155 74718
48320 76852 62092 79095
36176 67481 42522 60248
52415 75202 48971 58396
28753 61158 42457 61652
50588 63653 67236 66941
47402 48831 42056 54539
47922 50701 55629 62770
31240 49105 46734 45389
71301 66393 65623 65829
68395 58713 63506 56023
47745 48178 59113 46135
60479 43430 51910 48245
67687 76233 78881 73032
55686 79474 69359 66421
67154 73785 58294 67735
67614 75112 55097 68678
63657 57154 60339 52452
59123 44424 42433 51144
77560 67809 75238 59056
82120 66968 76653 65921
57101 74255 66839 68059
51847 53610 55756 53953
62866 91621 69881 68789
73619 96396 82389 83233
62257 59012 66780 63786
62047 55376 53555 64391
56583 50059 54970 37135
79964 66469 75178 78712
57556 52697 73878 62435
51708 49298 66369 61165
43972 51717 77805 59104
65903 64269 86200 80361
65272 45094 58839 47031
77269 63284 76865 82576
80353 58414 68908 68228
56267 52762 60041 43443
43004 44945 76056 57860
70393 67282 113652 76543
62244 66599 84244 71516
41789 42379 56576 62679
63357 52539 72945 60581
71443 57470 89982 80365
67603 56867 73509 59439
56328 56578 79206 65719
64880 67574 53782 64944
88956 75768 61873 66311
63299 68331 53405 56199
68553 70647 55157 52772
66393 57729 68801 66821
59174 74404 71616 67205
54218 69286 72035 66652
65987 71529 80732 72587
68402 65369 54986 73891
76406 74671 59874 77903
64979 62161 48919 67975
85569 78087 57423 72258
70116 68808 80484 80995
52174 47649 59610 66223
59932 59856 57754 67514
64718 65586 77306 75276
73399 82862 67140 80350
42805 64776 53976 52584
50794 73526 53670 51405
59368 77872 61254 72526
70835 57500 80538 76398
48291 50301 50579 54648
60277 48110 62543 68841
53090 46156 54103 61519
52260 85500 78767 78998
32502 56965 51437 53916
49028 68067 61462 63660
41076 63264 61665 51452
49667 52738 51220 50586
58533 80531 61826 68508
58193 77497 61056 75831
53522 66188 53841 68761
43510 51815 55723 55414
67999 67539 72416 81123
64696 74675 71082 75717
61977 63853 71244 73062
43392 54368 45340 49398
67367 67965 59398 72190
47690 64299 53059 45390
68989 95723 73458 80844
51069 53732 47708 49056
64231 65401 67974 76465
47132 56951 56164 59288
77834 80012 87718 82349
66562 66501 62683 63957
66809 66117 62168 58544
65151 59114 63999 56424
78727 68369 65437 69584
86023 67209 76060 63899
80544 77774 79507 74727
62278 70247 55836 65782
98130 64255 77685 59975
88453 64494 81857 68010
62564 65812 57794 58806
59854 54642 56041 49091
62962 51739 72329 54819
92617 82818 89944 76220
81371 75760 86312 69669
61928 60905 61396 56755
76109 80700 73296 80018
64563 51868 64082 54851
79943 67130 65600 76706
86665 64831 77864 66782
56683 50729 56081 46086
56400 53165 65600 52764
74852 61745 75049 71410
74233 70585 93651 85011
46884 67487 71654 61563
52680 52540 54178 46497
88935 75459 81035 74190
66618 54963 56639 55148
62546 43301 53807 44254
48304 61816 51726 56826
79712 79759 85891 85473
66259 37870 52090 64103
57735 49369 70579 58565
